[[[[],[7,10,6,5],[],[8]],0,1,[[8,10]],4],[[[4,0,3,2,0]],7],[[],3,[[0,2],8,5],[],[[2,10,4,6]]],[3],[5,[1,[8,0],10,1,[4,3,9,9]],1]]
[[0,2,7],[],[10,[[0,7,3,6]]],[2,[8],3]]

[[],[[0,8,[],[0,8,6,7,10]],4,10,[[],9,[1],4,10],3],[[7,1,0],10,[[1,10,7,8],[3,7],[3,6],5],1,0],[9],[2,9,[[0,6,3]],[[7]],2]]
[[[],0,[[4,5,10],8]],[0,5],[[[1,8,8,8],2],0,[7,9],3]]

[[3,[[10,2,8],3,0,[2,1],7]],[[[1,9,5,5,8],1,9,[9,2,4,5]],2,1,[[],[4,3],3]],[],[7,[6,4,[7,0,5]],[],[8],1]]
[[3],[],[[4,4],[[5,4,3],10,[1,3,9],9],3,1],[6,[0,[9,0,1,1,1]]],[]]

[[4,0],[[[5,7,10,9],[1,8,0,3],[10]],9,10,[]],[5,[[1,3],5,3,[],[4,8,0,2,5]],0]]
[[8,0,[],[[7,5,4,6,3],0,[9,4,8],0,6]],[1,3,9],[2,[[],5,8,8,8]],[[[6,5],4,[3,3],[4,0],0]]]